1111111111111111111111111111111111111111111
111111111111111111111111111111
1111111111111
1111111111111111111111111111111111111
1111111111111
1111111111111111111111111
1111111111111
1111111111111
2222222222222222222222
33333333333333333333333333333333
11111111111111111111111111111111111111111111111111111111111111111111
1111111111111
2222222222222222
2322
333
1
22222222222222222222222222222222222222222222222
1111111111111
2222222222
33333
555555
99999
4444444
888888888888
1111111111111
********************************
11111111111111111111111111111111111111111111111111111111111111111111111111111111111111111111111111
33333333
1111111111111